0.054 0.044 0.050 0.060 0.050 0.052 0.049 0.049 0.053
0.021 0.105 0.082 0.004 0.124 0.091 0.002 0.152 0.115
0.046 0.069 0.059 0.043 0.040 0.040 0.035 0.077 0.062
0.053 0.042 0.047 0.057 0.039 0.049 0.062 0.038 0.052
0.053 0.044 0.058 0.059 0.040 0.052 0.055 0.049 0.050
0.021 0.110 0.083 0.004 0.137 0.102 0.001 0.151 0.117
0.044 0.058 0.051 0.034 0.064 0.051 0.040 0.063 0.051
0.053 0.036 0.043 0.060 0.037 0.046 0.064 0.038 0.052
0.059 0.036 0.044 0.080 0.033 0.053 0.055 0.054 0.055
0.022 0.108 0.085 0.002 0.157 0.122 0.000 0.176 0.139
0.048 0.059 0.056 0.041 0.066 0.058 0.039 0.070 0.056
0.049 0.029 0.036 0.060 0.028 0.051 0.078 0.027 0.053
0.062 0.016 0.043 0.070 0.023 0.053 0.051 0.044 0.046
0.039 0.003 0.017 0.001 0.197 0.164 0.000 0.213 0.184
0.052 0.040 0.043 0.043 0.070 0.056 0.033 0.073 0.054
0.044 0.030 0.037 0.079 0.014 0.046 0.102 0.015 0.061
0.054 0.047 0.054 0.055 0.046 0.049 0.060 0.044 0.052
0.028 0.096 0.071 0.009 0.119 0.084 0.006 0.130 0.091
0.046 0.060 0.055 0.043 0.065 0.056 0.037 0.066 0.052
0.051 0.044 0.047 0.056 0.041 0.049 0.055 0.042 0.049
0.056 0.046 0.054 0.060 0.045 0.050 0.054 0.040 0.048
0.025 0.092 0.069 0.009 0.126 0.092 0.003 0.138 0.104
0.050 0.061 0.054 0.041 0.064 0.052 0.039 0.067 0.053
0.055 0.036 0.044 0.063 0.041 0.052 0.065 0.039 0.050
0.060 0.039 0.052 0.062 0.033 0.050 0.061 0.033 0.043
0.024 0.098 0.076 0.004 0.141 0.107 0.002 0.149 0.116
0.052 0.039 0.051 0.047 0.066 0.057 0.036 0.068 0.054
0.048 0.033 0.039 0.064 0.034 0.047 0.073 0.033 0.052
0.066 0.024 0.048 0.073 0.040 0.053 0.075 0.022 0.047
0.039 0.042 0.023 0.002 0.168 0.138 0.000 0.190 0.156
0.045 0.040 0.042 0.040 0.062 0.053 0.036 0.069 0.052
0.046 0.027 0.032 0.073 0.018 0.046 0.088 0.018 0.055
0.053 0.053 0.048 0.051 0.050 0.049 0.055 0.041 0.044
0.028 0.080 0.060 0.017 0.100 0.067 0.012 0.108 0.073
0.043 0.059 0.055 0.043 0.060 0.054 0.043 0.063 0.056
0.051 0.047 0.049 0.058 0.044 0.050 0.057 0.048 0.053
0.067 0.044 0.049 0.066 0.047 0.063 0.054 0.053 0.057
0.026 0.083 0.060 0.014 0.101 0.071 0.008 0.115 0.081
0.049 0.059 0.058 0.041 0.057 0.051 0.044 0.059 0.054
0.050 0.047 0.048 0.056 0.041 0.048 0.057 0.039 0.049
0.061 0.041 0.052 0.066 0.032 0.051 0.062 0.044 0.049
0.027 0.086 0.065 0.008 0.125 0.095 0.004 0.124 0.095
0.049 0.058 0.051 0.044 0.064 0.055 0.042 0.067 0.056
0.050 0.039 0.043 0.062 0.036 0.052 0.062 0.037 0.051
0.079 0.015 0.048 0.080 0.040 0.054 0.073 0.022 0.053
0.035 0.056 0.040 0.004 0.143 0.110 0.001 0.151 0.119
0.048 0.045 0.047 0.042 0.058 0.049 0.037 0.066 0.052
0.047 0.041 0.042 0.065 0.024 0.044 0.071 0.025 0.049
